# MOO tseries comparison 
# col 0 dates | col 1,2 MC | col 3,4 ANS | col 5,6 NS
t capMC  bondMC  capANS  bondANS capNS  bondNS
  1 3.2647 0.3688  5.2995 0.0487  5.9338 0.0177 
  2  3.1299 0.3262  5.3951 0.0510  5.3582 0.0569 
  3  3.1128 0.3282  5.6412 0.0395  6.0609 0.0292 
  4  3.1160 0.3868  5.8286 0.0418  6.2458 0.0286 
  5  2.6199 0.3142  5.2750 0.0349  5.4637 0.0294 
  6  2.6376 0.3570  5.2083 0.0353  5.5462 0.0269 
  7  2.4654 0.4691  5.6628 0.0290  5.7839 0.0275 
  8  2.1005 0.4584  5.5127 0.0264  5.5955 0.0258 
  9  2.5915 0.3986  5.7068 0.0308  5.8850 0.0278 
 10  2.4203 0.3937  5.4350 0.0474  5.7648 0.0264 
 11  2.3970 0.3857  5.6255 0.0265  5.7855 0.0270 
 12  2.6137 0.3371  5.7390 0.0247  5.7707 0.0237 
 13  2.5858 0.3538  6.0004 0.0271  6.0770 0.0260 
 14  2.7348 0.3556  5.5784 0.0564  6.4953 0.0381 
 15  2.5569 0.3494  5.8978 0.0310  6.0608 0.0292 
 16  2.8146 0.2789  5.5892 0.0361  5.6447 0.0352 
 17  3.1462 0.2834  5.8007 0.0320  5.8989 0.0299 
 18  3.1621 0.2859  5.6488 0.0461  5.9546 0.0338 
 19  3.2358 0.3013  6.1716 0.0324  6.1704 0.0330 
 20  2.5628 0.3682  5.4855 0.0578  5.6948 0.0296 
 21  2.9382 0.3235  5.5580 0.0524  5.9360 0.0386 
 22  2.9234 0.3870  5.5329 0.0567  6.1672 0.0368 
 23  2.7749 0.3696  5.6683 0.0407  6.0488 0.0336 
 24  2.7420 0.2924  5.0973 0.0484  5.4284 0.0366 
 25  2.8629 0.3225  5.0000 0.0466  5.1176 0.0673 
 26  2.9318 0.3259  5.6960 0.0397  6.0370 0.0323 
 27  2.4296 0.3142  5.3765 0.0368  5.7815 0.0264 
 28  2.6674 0.3053  5.2435 0.0404  5.2979 0.0608 
 29  2.7234 0.3188  5.4275 0.0502  5.4718 0.0663 
 30  2.6545 0.3474  5.9794 0.0390  6.4297 0.0249 
 31  2.6736 0.3310  5.6822 0.0454  6.2154 0.0202 
 32  2.0053 0.4312  5.4672 0.0265  5.8903 0.0358 
 33  2.1482 0.4583  5.0636 0.0366  5.5243 0.0225 
 34  2.0982 0.4715  5.1159 0.0393  5.4263 0.0297 
 35  2.1701 0.3830  5.0751 0.0307  5.3028 0.0277 
 36  2.5275 0.3655  5.1516 0.0280  5.4284 0.0312 
 37  1.9547 0.4523  5.2502 0.0250  5.2866 0.0268 
 38  2.3463 0.4253  5.8188 0.0364  5.9412 0.0329 
 39  2.1111 0.3986  5.4090 0.0396  5.6212 0.0408 
 40  2.4591 0.3908  5.6945 0.0365  5.8331 0.0369 
 41  2.8453 0.3599  6.0752 0.0453  6.3106 0.0438 
 42  2.8466 0.4393  5.1544 0.0458  5.3970 0.0449 
 43  1.9517 0.3602  4.6866 0.0410  4.9037 0.0380 
 44  1.8631 0.3762  4.8416 0.0523  5.1408 0.0475 
 45  2.2308 0.3160  4.5326 0.0443  4.7103 0.0419 
 46  1.9421 0.3655  4.3955 0.0481  4.6825 0.0451 
 47  2.0005 0.3844  4.6108 0.0463  4.8728 0.0435 
 48  2.0761 0.3971  4.7449 0.0408  5.0752 0.0479 
 49  1.3138 0.4323  5.1946 0.0352  5.2256 0.0349 
 50  1.8489 0.5672  6.5848 0.0361  6.5384 0.0341 
 51  2.0036 0.5145  6.5969 0.0364  6.5523 0.0388 
 52  1.9903 0.5150  6.6354 0.0349  6.7472 0.0445 
 53  1.7943 0.5108  5.9710 0.0332  5.9967 0.0340 
 54  1.9393 0.5564  6.1992 0.0258  6.3081 0.0359 
 55  1.9016 0.5499  6.0163 0.0338  6.0961 0.0624 
 56  1.9029 0.5305  5.9277 0.0311  5.3701 0.0686 
 57  1.9011 0.5313  6.0162 0.0369  5.9105 0.0363 
 58  1.8994 0.5357  5.9973 0.0322  6.0309 0.0482 
 59  1.3983 0.5510  5.2356 0.0334  5.6530 0.0569 
 60  1.6026 0.4728  4.9622 0.0409  5.1722 0.0659 
 61  1.4524 0.4715  4.9281 0.0352  4.9842 0.0455 
 62  1.4968 0.5135  4.8551 0.0471  4.7225 0.0448 
 63  1.3645 0.5182  4.5977 0.0422  4.7239 0.0636 
 64  1.3650 0.5199  4.6468 0.0336  4.6773 0.0363 
 65  1.2117 0.5198  4.4575 0.0348  4.2993 0.0417 
 66  1.1867 0.5210  4.4166 0.0404  4.5172 0.0604 
 67  1.2136 0.5013  4.3694 0.0382  4.4485 0.0501 
 68  1.8781 0.4332  4.6378 0.0458  4.6549 0.0484 
 69  1.7920 0.4413  4.7850 0.0345  4.5782 0.0733 
 70  1.8019 0.4742  5.0615 0.0358  4.9548 0.0380 
 71  2.0124 0.4820  5.6987 0.0333  5.9705 0.0504 
 72  2.5139 0.4653  6.3692 0.0396  6.4070 0.0458 
 73  2.5478 0.5314  6.5660 0.0363  6.5549 0.0390 
 74  2.5358 0.4780  6.5203 0.0310  6.5714 0.0332 
 75  2.8147 0.4799  6.5657 0.0312  6.6266 0.0362 
 76  2.4835 0.5459  6.4708 0.0319  6.8746 0.0481 
 77  2.5109 0.5624  6.5946 0.0308  6.6704 0.0373 
 78  3.2092 0.4360  7.0633 0.0368  7.1235 0.0425 
 79  3.6135 0.4444  7.4728 0.0368  7.5229 0.0425 
 80  3.3703 0.4504  7.6313 0.0375  7.6832 0.0386 
 81  3.3923 0.4370  7.3775 0.0363  7.3987 0.0400 
 82  4.0358 0.4073  7.1090 0.0343  7.2967 0.0343 
 83  4.0358 0.4073  7.1090 0.0343  7.2967 0.0343 
 84  4.0358 0.4073  7.1090 0.0343  7.2967 0.0343 
 85  4.3883 0.4310  7.6614 0.0479  8.1064 0.0409 
 86  4.2797 0.3962  7.2470 0.0428  7.5351 0.0406 
 87  3.3083 0.7040 10.3578 0.0367 10.7541 0.0356 
 88  3.3083 0.7040 10.3578 0.0367 10.7541 0.0356 
 89  3.2342 0.7624 10.0833 0.0393 10.5039 0.0390 
 90  3.7743 0.4386  6.5526 0.0429  6.9614 0.0331 
 91  3.4959 0.3911  5.7082 0.0495  5.8866 0.0476 
 92  4.1246 0.4157  6.9638 0.0549  7.5446 0.0390 
 93  4.3789 0.4191  7.2680 0.0511  7.9149 0.0367 
 94  4.0887 0.4450  7.1627 0.0617  7.9380 0.0483 
 95  4.0678 0.4547  7.0873 0.0711  8.0782 0.0460 
 96  4.2252 0.4424  7.2960 0.0561  7.8061 0.0466 
 97  4.6405 0.5363  8.0388 0.0521  8.6311 0.0463 
 98  4.7394 0.5025  8.5385 0.0613  9.2397 0.0513 
 99  4.6844 0.5077  8.3173 0.0568  8.8912 0.0550 
100  4.7895 0.5010  8.6545 0.0602  9.3072 0.0509 
101  4.5560 0.5131  8.6259 0.0600  9.2464 0.0539 
102  4.6004 0.5056  8.6416 0.0572  9.3624 0.0484 
103  4.8654 0.5233  9.2688 0.0592 10.0039 0.0480 
104  4.5019 0.4604  9.1264 0.0546  9.7738 0.0455 
105  4.6215 0.4509  9.1529 0.0479  9.5362 0.0450 
106  4.4390 0.4597  9.1565 0.0477  9.5908 0.0436 
107  4.0230 0.5041  8.3368 0.0512  8.8348 0.0483 
108  3.9688 0.5080  8.5661 0.0592  9.2050 0.0529 
109  3.4725 0.4977  8.0651 0.0543  8.7614 0.0455 
110  3.5408 0.5071  8.1691 0.0582  8.9044 0.0498 
111  3.3966 0.5589  7.7557 0.0628  8.6007 0.0532 
112  3.5599 0.4993  7.9844 0.0687  8.8686 0.0550 
113  3.7296 0.5044  8.0459 0.0696  8.9518 0.0587 
114  3.9203 0.4948  7.9666 0.0702  9.0007 0.0510 
115  3.4698 0.5625  7.8417 0.0784  8.9696 0.0605 
116  3.5938 0.5723  8.0861 0.0821  9.3791 0.0567 
117  3.3859 0.5764  7.9567 0.0829  9.1341 0.0652 
118  3.8438 0.5152  8.4393 0.0816  9.6044 0.0579 
119  4.0310 0.5176  8.7388 0.0803  8.6696 0.0814 
120  4.3488 0.5197  8.8637 0.0750  8.7607 0.0784 
121  4.3766 0.5090  8.6048 0.0715  9.5680 0.0515 
122  3.7916 0.5134  8.4588 0.0650  9.4413 0.0483 
123  4.1862 0.5112  8.8237 0.0734  8.7355 0.0753 
124  4.1402 0.5159  8.9440 0.0775  8.7389 0.0819 
125  4.4461 0.5156  9.1496 0.0762  8.8587 0.0825 
126  4.5649 0.5062  9.0178 0.0794  8.9026 0.0827 
127  4.6742 0.4464  9.2392 0.0726  9.1554 0.0731 
128  4.2083 0.5051  9.1424 0.0620  9.0357 0.0657 
129  4.2498 0.4588  9.3659 0.0559 10.0789 0.0409 
130  4.1090 0.5201  9.4557 0.0562  9.3407 0.0597 
131  4.4048 0.4598  9.6343 0.0556  9.5560 0.0639 
132  4.7150 0.4778 10.1954 0.0692 10.2068 0.0746 
133  5.1881 0.4824 10.4475 0.0740 10.5208 0.0816 
134  5.2346 0.4766 10.4795 0.0717 10.4488 0.0740 
135  5.2966 0.5053 11.0251 0.0640 11.8558 0.0506 
136  4.5512 0.4400  9.5989 0.0741  9.5906 0.0799 
137  4.5415 0.4493  9.9123 0.0670  9.8861 0.0697 
138  4.0143 0.4385  9.3735 0.0659  9.3448 0.0685 
139  3.2093 0.4759  8.5740 0.0481  9.1366 0.0389 
140  2.9508 0.4531  7.9386 0.0515  8.4900 0.0452 
141  3.6653 0.4625  8.3475 0.0525  8.7905 0.0489 
142  3.5338 0.4645  7.9296 0.0475  8.4045 0.0433 
143  3.0780 0.4857  8.1001 0.0466  8.5086 0.0464 
144  3.1486 0.5738  8.7516 0.0496  9.0912 0.0540 
145  3.0607 0.6421  8.4227 0.0455  8.6914 0.0554 
146  3.1186 0.5763  8.2071 0.0482  8.4806 0.0543 
147  3.2460 0.5508  7.9078 0.0634  8.5248 0.0634 
148  3.1574 0.5031  8.1236 0.0549  8.7095 0.0531 
149  3.3606 0.4982  8.1306 0.0747  7.9781 0.0884 
150  3.5244 0.5301  8.0656 0.0789  7.9979 0.0818 
151  3.2683 0.4817  8.3270 0.0839  8.2753 0.0866 
152  3.8338 0.4656  8.2249 0.0741  8.1243 0.0800 
153  3.1893 0.4940  7.3678 0.0639  8.3218 0.0461 
154  3.9781 0.5038  7.6026 0.0687  7.4120 0.0846 
155  2.1591 0.4469  5.9134 0.0768  5.8743 0.0769 
156  3.2765 0.5455  8.0160 0.0745  9.0000 0.0552 
157  3.0162 0.5356  8.0057 0.0700  7.7751 0.0870 
158  2.8278 0.5236  7.8132 0.0678  7.7591 0.0700 
159  3.2679 0.4782  8.1441 0.0693  8.0688 0.0718 
160  3.9319 0.4978  7.4057 0.0642  7.9311 0.0544 
161  4.0739 0.4821  7.2008 0.0619  7.7294 0.0488 
162  3.3273 0.5157  7.3576 0.0546  8.0833 0.0421 
163  3.4898 0.5049  7.3019 0.0692  7.2354 0.0707 
164  3.4543 0.5154  7.5014 0.0673  7.3666 0.0729 
165  3.4616 0.5155  7.4834 0.0676  7.3558 0.0723 
166  3.4607 0.5141  7.4794 0.0670  7.3553 0.0705 
167  3.6517 0.5932  8.9086 0.0642  8.8315 0.0672 
168  3.2265 0.5700  8.2453 0.0652  8.1760 0.0676 
169  3.0920 0.5668  8.3785 0.0721  8.1931 0.0805 
170  3.1955 0.4691  7.4734 0.0883  7.2806 0.0952 
171  2.6778 0.5270  7.3261 0.0803  7.2023 0.0838 
172  2.4534 0.5164  6.9896 0.0725  6.7724 0.0821 
173  2.7062 0.5305  7.3704 0.0858  7.1319 0.0954 
174  2.6761 0.5316  7.4273 0.0913  7.3103 0.0931 
175  2.6965 0.5389  7.2583 0.0823  7.1102 0.0850 
176  2.6965 0.5367  7.2432 0.0821  7.0771 0.0841 
177  2.5973 0.6338  7.8017 0.0815  7.6264 0.0850 
178  3.6838 0.4845  8.2825 0.0904  8.0851 0.1048 
179  4.0305 0.4756  8.5334 0.0909  8.4389 0.1089 
180  3.4504 0.5922  9.1964 0.0806  9.0551 0.0930 
181  3.1103 0.5928  9.3164 0.0820  9.2257 0.0941 
182  3.0551 0.5976  9.2556 0.0736  9.1260 0.0801 
183  3.6371 0.5652  9.4433 0.0782  9.2610 0.0977 
184  3.4643 0.5640  9.3054 0.0740  9.0767 0.0911 
185  3.1971 0.5588  9.0979 0.0795  9.2274 0.0919 
186  3.3328 0.5244  9.5097 0.0859  9.6452 0.0992 
187  3.2842 0.5351  9.6503 0.0923  9.8192 0.1005 
188  3.2669 0.5565  9.9580 0.0709  9.9932 0.0921 
189  3.4390 0.5341 10.1281 0.0774 10.1399 0.0908 
190  2.8614 0.5559  9.7255 0.0631  9.7084 0.0804 
191  2.8614 0.5559  9.7255 0.0631  9.7084 0.0804 
192  2.8694 0.5973 10.0953 0.0734 10.0108 0.0889 
193  2.8774 0.6298 10.3814 0.0839 10.2982 0.1018 
194  4.0638 0.6053 11.2086 0.0906 11.2310 0.1167 
195  4.0579 0.5871 10.9672 0.0849 11.0426 0.0993 
196  2.9407 0.6265 10.5954 0.0860 10.5732 0.1043 
197  3.7062 0.6245 11.4827 0.0996 11.5289 0.1190 
198  3.9352 0.6041 11.8958 0.0963 11.9352 0.1196 
199  4.1712 0.5817 11.9820 0.0976 12.1104 0.1174 
200  3.2646 0.6528 11.4113 0.0944 11.2645 0.1041 
201  3.9930 0.6052 12.0708 0.1084 12.0667 0.1237 
202  3.9946 0.6157 12.2937 0.0984 12.4519 0.1233 
203  4.2808 0.6047 12.7983 0.0848 12.8797 0.1125 
204  4.0690 0.6464 13.1366 0.0937 12.6706 0.1272 
205  3.9850 0.6339 13.0012 0.0872 13.1174 0.1061 
206  4.1981 0.6511 13.4950 0.0645 14.7550 0.0190 
207  3.5805 0.6607 12.4967 0.0671 12.3285 0.0793 
208  2.8738 0.6917 11.5845 0.0711 11.3936 0.0825 
209  3.1892 0.7299 12.3993 0.0760 12.0935 0.0894 
210  3.5817 0.7292 12.8976 0.0826 12.6177 0.0947 
211  3.5650 0.7143 12.8613 0.0749 12.6085 0.0894 
212  3.5886 0.7030 13.0304 0.0821 12.8067 0.0993 
213  4.4948 0.6795 13.6555 0.0851 13.3785 0.1074 
214  3.8740 0.6865 12.1906 0.0452 13.0622 0.0142 
215  3.6742 0.7163 12.0616 0.0489 11.8424 0.0719 
216  4.6902 0.7203 13.5286 0.0716 13.2698 0.0961 
217  4.4872 0.7424 13.4195 0.0827 13.1424 0.1017 
218  4.4489 0.7460 13.2643 0.0742 12.9842 0.0883 
219  4.5123 0.7684 13.6171 0.0762 13.3157 0.0935 
220  4.5212 0.7706 13.6804 0.0793 13.3847 0.0974 
221  4.4375 0.7940 13.5846 0.0752 13.2806 0.0894 
222  4.1867 0.7849 13.0832 0.0777 12.8116 0.0883 
223  3.8873 0.8022 12.7928 0.0784 12.4530 0.0925 
224  3.9522 0.7980 12.8659 0.0817 12.5083 0.0961 
225  4.0414 0.7706 12.7090 0.0781 12.3669 0.0972 
226  4.1092 0.7698 12.7620 0.0785 12.4439 0.0952 
227  3.9520 0.8368 12.3350 0.0807 12.1416 0.0853 
228  3.4292 0.8692 11.7669 0.0684 11.5384 0.0735 
229  3.8535 0.8949 11.9191 0.0763 11.7129 0.0818 
230  3.6754 0.8886 11.6093 0.0788 11.3654 0.0837 
231  3.8140 0.9377 11.5015 0.0805 11.1035 0.0869 
232  4.4129 0.9741 11.5646 0.0881 11.1546 0.0923 
233  4.1323 0.9563 11.7304 0.0940 11.0719 0.1171 
234  3.5966 0.9851 11.2204 0.1015 10.8205 0.1058 
235  3.8871 0.9677 11.7509 0.1118 11.3054 0.1166 
236  3.9132 0.9941 11.4114 0.1027 11.0097 0.1068 
237  3.5097 1.0540 10.7261 0.1113 10.3279 0.1152 
238  3.5735 0.9915 10.6750 0.1039 10.2796 0.1080 
239  3.4551 1.0766 10.3959 0.0923  9.7863 0.1027 
240  3.3433 0.9998  9.7476 0.0720  9.3337 0.0780 
241  3.0873 0.8381  8.8965 0.0598 10.1083 0.0354 
242  3.4287 0.6956  8.5619 0.0541  9.3614 0.0399 
243  3.2898 0.7878  8.4238 0.0504  8.1334 0.0504 
244  3.0656 0.8022  8.6203 0.0520  9.7262 0.0212 
245  3.6036 0.8263  9.6724 0.0801  9.3971 0.0830 
246  3.2860 0.8754  9.3588 0.0675 10.6428 0.0395 
247  3.1708 0.8865  9.4931 0.0668 10.6384 0.0464 
248  3.5149 0.9743  8.9991 0.0786 10.3186 0.0600 
249  3.1895 0.9880  9.2339 0.0751 10.3380 0.0603 
250  3.1025 0.8455  8.6903 0.0714  9.8469 0.0495 
251  3.4693 0.8386  9.2057 0.0553  8.9554 0.0569 
252  3.2090 0.9197  9.0486 0.0630 10.0399 0.0445 
253  3.3166 0.8208  8.8407 0.0621  9.8449 0.0456 
254  3.1157 0.9518  8.9277 0.0664 10.4352 0.0345 
255  3.1814 0.9125  8.5350 0.0561  9.5718 0.0316 
256  3.2221 0.8179  8.3713 0.0559  9.3493 0.0331 
257  3.2561 0.8326  8.4777 0.0467  9.2545 0.0311 
258  3.3401 0.8546  8.5094 0.0563  9.7808 0.0288 
259  3.4245 0.8368  8.5002 0.0565  9.9664 0.0273 
260  3.5784 0.8797  8.5241 0.0594  9.6577 0.0413 
261  3.5882 0.8764  8.4834 0.0560  9.4795 0.0398 
262  3.6051 0.9009  8.3586 0.0647  9.5549 0.0453 
263  3.6054 0.9088  8.4147 0.0647  9.7545 0.0398 
264  3.5686 0.9096  8.5432 0.0662  9.8817 0.0456 
265  3.0990 0.7221  7.1721 0.0815  7.1388 0.0844 
266  3.8456 0.6844  8.4372 0.0994  8.1284 0.1042 
267  3.8342 0.6780  8.0876 0.0868  7.8159 0.0907 
268  3.4416 0.6553  7.9537 0.0880  7.6250 0.0935 
269  3.6089 0.6260  7.6499 0.0802  7.4245 0.0869 
270  4.9856 0.6452  9.1890 0.0879  8.8973 0.1019 
271  3.8535 0.6667  8.7887 0.0898  8.3958 0.0987 
272  3.6117 0.6766  8.8645 0.0853 10.5904 0.0404 
273  3.6773 0.6737  9.1608 0.0820  8.6627 0.1027 
274  4.6536 0.6931  9.7084 0.0669 11.2671 0.0215 
275  4.5095 0.5990  9.4264 0.0613 10.8982 0.0226 
276  3.7924 0.7034  8.9769 0.0591 10.0113 0.0422 
277  3.9975 0.6999  9.2466 0.0565 10.4812 0.0347 
278  4.1180 0.6716  9.0757 0.0554 10.4575 0.0259 
279  4.3201 0.6004  9.3678 0.0641 10.9618 0.0268 
280  4.0321 0.6812  9.7324 0.0593 11.2846 0.0258 
281  4.0186 0.6650  9.5620 0.0619 10.8582 0.0379 
282  4.4580 0.6156 10.4136 0.0693 10.1095 0.0835


























































































































































































































































































